PortX=951.158813
PortY=1734.348754
PortZ=8.648437
Teleportname=SPAWN LOCATION
IntID=0.000000
VWID=0.000000
