PortX=1526.708618
PortY=-1670.246337
PortZ=6.218750
Teleportname=LSPD Garage
IntID=0.000000
VWID=0.000000
