PortX=1631.486328
PortY=-1168.594848
PortZ=24.078125
Teleportname=Betting Shop
IntID=0.000000
VWID=0.000000
