PortX=1023.799865
PortY=-1129.093994
PortZ=23.872798
Teleportname=Four Dragons Casino
IntID=0.000000
VWID=0.000000
