PortX=2221.482910
PortY=-1159.479125
PortZ=25.733079
Teleportname=Jefferson Motel
IntID=0.000000
VWID=0.000000
