PortX=1135.054565
PortY=-1565.800415
PortZ=13.217594
Teleportname=Mall
IntID=0.000000
VWID=0.000000
