PortX=2548.360351
PortY=2677.109619
PortZ=10.820302
Teleportname=Ganton Gym
IntID=0.000000
VWID=0.000000
