PortX=2528.995605
PortY=2699.923095
PortZ=10.820302
Teleportname=Betfred
IntID=0.000000
VWID=0.000000
