PortX=970.851196
PortY=-2155.220703
PortZ=13.085927
Teleportname=ASD 1
IntID=0.000000
VWID=0.000000
