PortX=640.229125
PortY=-1209.892822
PortZ=18.109375
Teleportname=ASD 2
IntID=0.000000
VWID=0.000000
