PortX=1037.507080
PortY=-1330.202148
PortZ=13.395440
Teleportname=Chuckin Donuts
IntID=0.000000
VWID=0.000000
