PortX=2694.759033
PortY=2696.125732
PortZ=10.820302
Teleportname=Burgershot
IntID=0.000000
VWID=0.000000
