PortX=1883.127929
PortY=-2022.619384
PortZ=13.390604
Teleportname=El Corona
IntID=0.000000
VWID=0.000000
