PortX=-2261.417724
PortY=-1736.363403
PortZ=487.426025
Teleportname=Base jump
IntID=0.000000
VWID=0.000000


