PortX=2218.417236
PortY=-1150.200805
PortZ=1025.796875
Teleportname=Jefferson Motel (Inside
IntID=15.000000
VWID=0.000000
