PortX=2473.688476
PortY=-1660.051513
PortZ=13.343750
Teleportname=Grove Str
IntID=0.000000
VWID=0.000000
