PortX=1544.961547
PortY=-1358.894165
PortZ=329.464782
Teleportname=San Tower
IntID=0.000000
VWID=0.000000
