PortX=-2126.236328
PortY=-80.748703
PortZ=35.320312
Teleportname=SF Warehouse
IntID=0.000000
VWID=0.000000
