PortX=2267.816406
PortY=2445.652587
PortZ=-7.195312
Teleportname=Metro garage
IntID=0.000000
VWID=0.000000
