PortX=611.080871
PortY=-583.936950
PortZ=18.006088
Teleportname=Sheriffs Department
IntID=0.000000
VWID=0.000000
