PortX=1642.359985
PortY=-2335.089843
PortZ=-2.679687
Teleportname=AIRPORTSPAWN
IntID=0.000000
VWID=0.000000
