PortX=956.886474
PortY=1736.590454
PortZ=8.648427
Teleportname=Casper TRU Area
IntID=0.000000
VWID=0.000000
