PortX=2485.566162
PortY=-1681.561157
PortZ=13.334192
Teleportname=Grove Str Circle
IntID=0.000000
VWID=0.000000
