PortX=1964.705566
PortY=-2288.951904
PortZ=13.546875
Teleportname=Airport
IntID=0.000000
VWID=0.000000
