PortX=379.385955
PortY=-2074.552001
PortZ=7.835937
Teleportname=Santa Maria Pier
IntID=0.000000
VWID=0.000000
