PortX=2854.759521
PortY=2325.263916
PortZ=10.820302
Teleportname=Breaching Center 3
IntID=0.000000
VWID=0.000000
