PortX=293.218750
PortY=-1154.400634
PortZ=80.909896
Teleportname=Leans Crib
IntID=0.000000
VWID=0.000000
