PortX=-1613.190307
PortY=674.363708
PortZ=-4.906250
Teleportname=Sherrifs Garage
IntID=0.000000
VWID=0.000000
