PortX=2276.335693
PortY=-1775.777587
PortZ=1419.754394
Teleportname=ASD ASD
IntID=0.000000
VWID=1062.000000
