PortX=1142.391845
PortY=-1589.167724
PortZ=13.620594
Teleportname=MALL
IntID=0.000000
VWID=0.000000
