PortX=442.952667
PortY=-51.752353
PortZ=999.683654
Teleportname=DELI
IntID=6.000000
VWID=0.000000
