PortX=430.122833
PortY=-61.037223
PortZ=1021.395446
Teleportname=DELIOFFICE
IntID=6.000000
VWID=0.000000
