PortX=1906.072875
PortY=-1106.170776
PortZ=748.087646
Teleportname=ASDSDSD
IntID=0.000000
VWID=1008.000000
