PortX=2122.841064
PortY=-1318.555541
PortZ=983.733764
Teleportname=young int
IntID=0.000000
VWID=0.000000
