PortX=2107.924072
PortY=-1776.481689
PortZ=13.391180
Teleportname=Idlewood
IntID=0.000000
VWID=0.000000
