PortX=-1468.972290
PortY=1488.877075
PortZ=8.250061
Teleportname=SF Boat
IntID=0.000000
VWID=0.000000
