PortX=-1653.885131
PortY=1299.712646
PortZ=7.039062
Teleportname=SF Boat Deployment
IntID=0.000000
VWID=0.000000
