PortX=2889.890380
PortY=2428.027587
PortZ=10.820302
Teleportname=Breaching Center
IntID=0.000000
VWID=0.000000


