PortX=2801.227539
PortY=2402.750244
PortZ=10.820302
Teleportname=Breaching Center 2
IntID=0.000000
VWID=0.000000
