PortX=593.283264
PortY=-1237.742675
PortZ=17.941371
Teleportname=Rodeo Bank
IntID=0.000000
VWID=0.000000
