hType = 0
hOwner = The State
hOwnerID = 0
hExtX = 2480.648681
hExtY = 126.994865
hExtZ = 27.675647
hExtA = 0.000000
hExtVW = 0
hExtInt = 0
hIntX = 2324.376953
hIntY = -1149.547363
hIntZ = 1050.710083
hIntA = 0.000000
hIntVW = 50
hIntInt = 12
hPickup = 0
hBank = 0
hIsLocked = true
hPrice = 0
hLevel = 4
