hType = 0
hOwner = Anthony_Aguilar
hOwnerID = 9131
hExtX = 2458.936767
hExtY = 128.986679
hExtZ = 27.675647
hExtA = 0.000000
hExtVW = 0
hExtInt = 0
hIntX = 299.780456
hIntY = 309.529937
hIntZ = 1003.304687
hIntA = 0.000000
hIntVW = 51
hIntInt = 4
hPickup = 0
hBank = 50000
hIsLocked = false
hPrice = 0
hLevel = 4
