[Data]
ModelName = Not Used
cBoneID = 0
IndexID = 0
cmodelid = 0
ao_x = 0.000000
ao_y = 0.000000
ao_z = 0.000000
ao_rx = 0.000000
ao_ry = 0.000000
ao_rz = 0.000000
ao_sx = 0.000000
ao_sy = 0.000000
ao_sz = 0.000000
ModelName1 = Not Used
cBoneID1 = 0
IndexID1 = 0
cmodelid1 = 0
ao_x1 = 0.000000
ao_y1 = 0.000000
ao_z1 = 0.000000
ao_rx1 = 0.000000
ao_ry1 = 0.000000
ao_rz1 = 0.000000
ao_sx1 = 0.000000
ao_sy1 = 0.000000
ao_sz1 = 0.000000
ModelName2 = Not Used
cBoneID2 = 0
IndexID2 = 0
cmodelid2 = 0
ao_x2 = 0.000000
ao_y2 = 0.000000
ao_z2 = 0.000000
ao_rx2 = 0.000000
ao_ry2 = 0.000000
ao_rz2 = 0.000000
ao_sx2 = 0.000000
ao_sy2 = 0.000000
ao_sz2 = 0.000000
ModelName3 = Not Used
cBoneID3 = 0
IndexID3 = 0
cmodelid3 = 0
ao_x3 = 0.000000
ao_y3 = 0.000000
ao_z3 = 0.000000
ao_rx3 = 0.000000
ao_ry3 = 0.000000
ao_rz3 = 0.000000
ao_sx3 = 0.000000
ao_sy3 = 0.000000
ao_sz3 = 0.000000
ModelName4 = Not Used
cBoneID4 = 0
IndexID4 = 0
cmodelid4 = 0
ao_x4 = 0.000000
ao_y4 = 0.000000
ao_z4 = 0.000000
ao_rx4 = 0.000000
ao_ry4 = 0.000000
ao_rz4 = 0.000000
ao_sx4 = 0.000000
ao_sy4 = 0.000000
ao_sz4 = 0.000000
[data]
ModelName = {F81414}Balaclava
cBoneID = 2
IndexID = 0
cmodelid = 19801
ao_x = 0.059000
ao_y = 0.027000
ao_z = -0.001999
ao_rx = 0.000000
ao_ry = 86.900009
ao_rz = 179.599975
ao_sx = 1.237998
ao_sy = 1.315997
ao_sz = 1.073001
ModelName1 = None
cBoneID1 = 0
IndexID1 = 0
cmodelid1 = 0
ao_x1 = 0.000000
ao_y1 = 0.000000
ao_z1 = 0.000000
ao_rx1 = 0.000000
ao_ry1 = 0.000000
ao_rz1 = 0.000000
ao_sx1 = 0.000000
ao_sy1 = 0.000000
ao_sz1 = 0.000000
ModelName2 = None
cBoneID2 = 0
IndexID2 = 0
cmodelid2 = 0
ao_x2 = 0.000000
ao_y2 = 0.000000
ao_z2 = 0.000000
ao_rx2 = 0.000000
ao_ry2 = 0.000000
ao_rz2 = 0.000000
ao_sx2 = 0.000000
ao_sy2 = 0.000000
ao_sz2 = 0.000000
ModelName3 = None
cBoneID3 = 0
IndexID3 = 0
cmodelid3 = 0
ao_x3 = 0.000000
ao_y3 = 0.000000
ao_z3 = 0.000000
ao_rx3 = 0.000000
ao_ry3 = 0.000000
ao_rz3 = 0.000000
ao_sx3 = 0.000000
ao_sy3 = 0.000000
ao_sz3 = 0.000000
ModelName4 = None
cBoneID4 = 0
IndexID4 = 0
cmodelid4 = 0
ao_x4 = 0.000000
ao_y4 = 0.000000
ao_z4 = 0.000000
ao_rx4 = 0.000000
ao_ry4 = 0.000000
ao_rz4 = 0.000000
ao_sx4 = 0.000000
ao_sy4 = 0.000000
ao_sz4 = 0.000000
