[data]
userid = 8669
Password = 4A8372760D46EEF7F180037EA7795E99BD3B9533F1E34B02023F24DDD01B6F31151F275BE55EBACD9D7A569103DF05E512855885BFA3E2457C397C377EDADF07
Cash = 100
Admin = 1
Kills = 1
Deaths = 1
Skin = 264
Logs = 2
Banned = 0
Crim = 0
Pw = 2
Exp = 0
Freq = 911
Rank = 0
AsdAcc = 0
IP = 83.249.6.140
pBannedr = No Reason
RankCrim = 1
GroupID = 0
fStyle = 4
hOn = 0
pBanned = 0
CrashX = 0.000000
CrashY = 0.000000
CrashZ = 0.500000
CrashInt = 0
CrashWV = 0
CrashType = 0
CrashHP = 100.000000
CrashARMOR = 0.000000
CrashSkin = 109
