ÿgraffcreator=DONT_DELETE
graffname={F81414} Metro Garage
OBJECTID=ùMatthew_Collins
posX=1524.166870
posY=-1677.947509
posZ=8.200627
XYpos=0.000000
YYpos=0.000000
ZYpos=0.000000
graffcreator=
